1: 1,6,153.21
5: 2,2,2768.11
7: 1,63,157.19
8: 2,2,2626.72 1,168,161.45
9001: 3,1003,384.05 5,1070,3569.56 4,991,225.65 1,1020,170.19 2,1057,2503.51
9002: 1,1027,170.13 2,1051,2502.59 3,982,383.98 4,1132,225.50 5,1063,3568.69
9003: 2,1037,2501.60 3,1107,383.90 4,1175,225.74 1,923,170.12 5,982,3567.62
9004: 1,1101,170.15 3,1020,383.93 2,1131,2503.83 4,970,225.57 5,1055,3567.69
9005: 5,1153,3568.09 2,926,2502.55 3,1021,383.73 4,1085,225.58 1,1114,170.34
9006: 4,956,225.61 5,1046,3566.01 1,903,170.27 2,1137,2503.85 3,1210,383.87
9007: 2,1035,2503.81 1,983,170.26 3,1081,383.81 4,1111,225.55 5,1072,3565.86
9008: 1,1031,170.01 4,1007,225.62 3,1079,384.09 2,978,2502.36 5,1018,3566.68
9009: 3,938,383.84 1,1072,170.14 5,964,3570.69 2,942,2504.84 4,961,225.61
9010: 3,1051,383.86 1,998,170.11 2,978,2502.58 5,1059,3570.47 4,1031,225.62
